=~=~=~=~=~=~=~=~=~=~=~= PuTTY log 2022.06.23 17:10:56 =~=~=~=~=~=~=~=~=~=~=~=
begin
-1.00, -1.00, -1.00, -1.00
-0.20 -0.20 -0.20 -0.20
9.25, 8.64, 38.42, 6.00
1.65 1.52 7.48 1.00
8.74, 8.15, -1.00, 6.74
3.39 3.15 7.28 2.34
8.30, -1.00, 18.63, 7.35
5.05 2.95 11.01 3.81
8.79, -1.00, 26.81, 8.47
6.81 2.75 16.37 5.51
28.70, 75.99, 26.98, 8.38
12.75 18.15 21.97 7.38
22.17, 81.47, 29.02, 7.62
15.34 32.72 20.09 7.71
17.85, 68.02, 25.25, 8.55
17.16 44.69 25.33 8.07
18.28, 69.30, 25.67, 8.69
19.15 58.75 26.74 8.34
17.87, 68.34, 25.61, 9.20
20.97 72.62 26.50 8.48
23.28, 86.84, 25.45, 9.06
19.88 74.79 26.20 8.62
30.09, 56.09, 25.45, 9.06
21.47 69.71 25.48 8.91
19.54, 69.94, 26.44, 9.20
21.81 70.10 25.72 9.04
19.62, 68.26, 28.41, 9.20
22.07 69.89 26.27 9.14
20.32, 68.67, 28.84, 9.06
22.56 69.95 26.91 9.11
19.62, 95.71, 24.09, 9.90
21.83 71.73 26.64 9.28
19.62, 72.47, 24.23, 9.13
19.74 75.01 26.40 9.29
24.18, 61.15, 25.50, 8.72
20.67 73.25 26.21 9.20
24.19, 93.21, 24.65, 9.15
21.58 78.24 25.46 9.19
24.62, 103.41, 24.23, 997.31
22.44 85.19 24.54 206.84
19.20, 73.61, 24.23, 10.56
22.36 80.77 24.56 206.97
24.06, 102.14, 24.11, 10.42
23.24 86.70 24.54 207.23
24.60, 92.84, 24.25, 10.42
23.33 93.04 24.29 207.57
24.48, 93.79, 25.52, 997.34
23.39 93.15 24.46 405.21
19.08, 66.54, 56.48, 997.56
22.28 85.78 30.91 405.26
18.36, 68.27, 56.75, 997.43
22.11 84.71 37.42 602.63
18.38, 67.97, 56.55, 997.36
20.98 77.88 43.90 800.02
18.57, 69.28, 28.50, 997.26
19.77 73.17 44.75 997.38
25.23, 93.25, 50.58, 9.06
19.92 73.06 49.76 799.73
25.62, 81.76, 19.23, 997.19
21.23 76.10 42.31 799.65
43.23, 75.79, 25.33, 8.72
26.20 77.60 36.03 601.91
40.41, 93.59, 53.30, 8.81
30.61 82.73 35.38 404.20
21.73, 85.58, 52.04, 8.38
31.24 85.99 40.09 206.43
40.84, 72.27, 20.34, 8.89
34.36 81.79 34.04 206.40
19.38, 62.80, 17.82, 8.86
33.11 78.00 33.76 8.73
24.98, 11.10, 17.12, 7.93
29.46 65.06 32.12 8.57
25.72, 92.86, 53.66, 997.41
26.52 64.92 32.19 206.29
16.26, 30.52, 26.81, 997.34
25.43 53.91 27.14 404.08
15.15, 30.91, 27.29, 997.21
20.29 45.63 28.53 601.74
14.32, 32.88, 31.23, 174.76
19.28 39.65 31.22 634.92
12.60, 37.20, 31.91, 11.60
16.80 44.87 34.17 635.66
14.15, 33.73, 22.63, 19.03
14.49 33.04 27.97 439.98
10.41, 8.64, -1.00, 6.96
13.32 28.67 22.41 241.90
8.50, -1.00, 17.55, 7.79
11.99 22.29 20.46 44.02
8.64, -1.00, 19.33, 8.61
10.85 15.51 18.08 10.79
7.53, -1.00, 52.53, 7.16
9.84 7.87 22.20 9.90
8.30, 6.94, -1.00, 7.02
8.67 2.51 17.48 7.50
8.49, -1.00, 51.17, 7.08
8.29 0.58 27.91 7.53
7.82, 6.87, -1.00, 7.02
8.15 2.16 24.20 7.37
7.82, -1.00, 17.46, 7.70
7.99 2.16 23.83 7.19
8.57, -1.00, 15.34, 7.70
8.20 2.16 16.39 7.30
9.51, -1.00, 14.23, 8.81
8.44 0.57 19.44 7.66
9.85, 4.07, -1.00, 8.72
8.71 1.58 9.00 7.99
9.83, -1.00, 14.40, 8.64
9.11 0.01 12.08 8.31
9.68, -1.00, 14.40, 8.64
9.48 0.01 11.47 8.50
9.68, -1.00, 14.06, 8.55
9.70 0.01 11.21 8.67
9.61, -1.00, 14.49, 8.55
9.72 0.01 11.27 8.62
9.44, -1.00, 14.83, 8.64
9.64 -0.99 14.43 8.60
9.42, -1.00, 16.19, 7.36
9.56 -0.99 14.79 8.34
9.17, -1.00, 17.19, 7.11
9.46 -0.99 15.35 8.04
9.34, -1.00, 17.63, 6.77
9.39 -0.99 16.06 7.68
8.83, -1.00, 18.91, 5.49
9.23 -0.99 16.94 7.07
8.67, -1.00, 18.82, 5.58
9.08 -0.99 17.74 6.46
8.66, -1.00, 19.33, 5.58
8.93 -0.99 18.37 6.10
8.66, -1.00, 19.74, 5.92
8.82 -0.99 18.88 5.86
8.59, -1.00, 20.61, 4.22
8.67 -0.99 19.48 5.35
8.33, -1.00, 21.02, 4.24
8.58 -0.99 19.90 5.10
8.33, -1.00, 21.02, 4.22
8.51 -0.99 20.34 4.83
8.33, -1.00, 21.87, 4.32
8.44 -0.99 20.84 4.58
8.33, -1.00, 23.14, 4.73
8.38 -0.99 21.52 4.34
8.47, -1.00, 22.21, 4.97
8.36 -0.99 21.84 4.49
8.55, -1.00, 23.39, 5.46
8.40 -0.99 22.32 4.73
8.55, -1.00, 51.12, 5.05
8.44 -0.99 28.34 4.90
8.30, 6.68, -1.00, 6.31
8.44 0.53 23.77 5.30
8.16, -1.00, 50.02, 5.56
8.40 0.53 29.14 5.47
8.30, -1.00, 20.69, 4.80
8.37 0.53 28.84 5.43
8.72, -1.00, 20.27, 5.63
8.40 0.53 28.21 5.47
11.53, -1.00, 18.74, 4.20
9.00 0.53 21.74 5.30
10.87, -1.00, 18.26, 4.88
9.51 -0.99 25.59 5.01
11.53, -1.00, 19.42, 5.05
10.18 -0.99 19.47 4.91
11.46, -1.00, 14.32, 9.74
10.82 -0.99 18.19 5.90
10.51, -1.00, 11.43, 14.57
11.17 -0.99 16.43 7.69
7.04, -1.00, 13.13, 14.25
10.28 -0.99 15.30 9.69
8.62, -1.00, 10.93, 12.96
9.83 -0.99 13.84 11.31
9.68, -1.00, 13.04, 13.96
9.46 -0.99 12.56 13.09
9.69, -1.00, 11.99, 14.06
9.10 -0.99 12.10 13.95
9.59, -1.00, 11.09, 13.89
8.92 -0.99 12.03 13.82
11.17, -1.00, 12.62, 14.25
9.75 -0.99 11.93 13.82
8.49, -1.00, 47.30, 14.13
9.72 -0.99 19.20 14.05
13.99, -1.00, 11.60, 13.13
10.58 -0.99 18.91 13.89
991.55, 34.90, 11.77, 13.04
206.95 6.18 18.87 13.68
991.72, 35.52, 13.30, 13.65
403.38 13.48 19.31 13.64
991.68, 36.28, 11.94, 13.11
599.48 20.94 19.17 13.41
991.70, 35.35, 12.01, 12.21
796.12 28.20 12.12 13.02
13.28, 35.26, 11.85, 12.63
795.98 35.46 12.17 12.92
135.87, 10.70, 11.77, 13.48
624.84 30.62 12.17 13.01
8.76, 6.55, -1.00, 8.61
428.25 24.82 9.31 12.00
12.46, -1.00, 16.27, 7.01
232.41 17.37 10.17 10.78
11.27, -1.00, 17.11, 6.43
36.32 10.10 11.19 9.63
9.64, -1.00, 18.57, 5.92
35.60 2.84 12.54 8.28
8.88, -1.00, 17.79, 6.17
10.20 0.50 13.74 6.82
8.79, 6.43, -1.00, 6.65
10.20 0.48 13.74 6.43
8.42, -1.00, 19.11, 6.65
9.40 0.48 14.31 6.36
8.40, -1.00, 18.24, 6.65
8.82 0.48 14.54 6.40
8.49, 6.19, -1.00, 6.19
8.59 1.92 10.62 6.46
8.40, -1.00, 17.46, 6.23
8.49 1.92 10.56 6.47
8.42, -1.00, 19.14, 6.33
8.42 0.43 14.59 6.40
8.42, 5.77, -1.00, 6.26
8.42 1.79 10.57 6.33
8.40, -1.00, 11.33, 22.05
8.42 1.79 9.18 9.41
5.60, -1.00, 13.38, 12.87
7.84 0.35 12.06 10.74
7.53, 8.72, -1.00, 11.43
7.67 2.29 8.37 11.78
12.02, -1.00, 45.00, 11.61
8.39 2.29 13.54 12.84
14.32, -1.00, 18.24, 8.95
9.57 0.94 17.39 13.38
132.45, 30.52, 19.09, 8.44
34.38 7.24 18.94 10.65
148.96, 5.80, 19.57, 7.25
63.05 8.60 20.18 9.53
991.53, 5.60, 21.56, 6.60
259.85 7.98 24.69 8.56
124.56, 4.51, 52.47, 7.53
282.36 9.08 26.18 7.75
356.75, 4.66, 17.87, 8.78
350.84 10.21 26.11 7.71
10.78, 6.55, -1.00, 997.58
326.51 5.42 22.09 205.54
-1.00, -1.00, 49.59, -1.00
296.52 4.06 28.09 203.89
-1.00, 54.68, 78.19, 94.03
98.01 13.87 39.42 221.38
991.51, 56.63, 47.26, 5.89
271.40 24.30 38.38 221.05
991.41, 55.27, 52.36, 4.54
398.34 34.42 45.28 220.20
991.38, 37.03, 46.41, 106.47
594.45 40.52 54.76 41.98
991.39, 57.04, 48.79, 4.44
792.93 52.12 54.60 43.07
991.49, 55.36, 47.76, 41.18
991.43 52.26 48.51 32.50
991.55, 55.78, 50.94, 11.27
991.44 52.09 49.25 33.58
354.69, 34.09, 51.29, 7.72
864.09 47.85 49.03 34.21
351.70, -1.00, 16.44, 12.09
736.16 40.25 43.04 15.34
8.59, -1.00, 15.00, 11.95
539.60 28.64 36.28 16.84
9.98, -1.00, 15.00, 9.83
343.30 17.37 29.73 10.57
10.19, -1.00, 9.66, 16.02
147.02 6.01 21.47 11.52
6.72, 10.85, -1.00, 12.84
77.43 1.36 11.01 12.54
991.48, 15.75, 11.51, 14.06
205.39 4.71 10.03 12.93
991.31, 15.75, 11.00, 13.31
401.93 8.06 9.23 13.21
141.56, 16.15, 10.59, 14.15
428.24 11.49 8.35 14.07
991.55, 16.17, 11.02, 13.74
624.52 14.93 8.62 13.61
991.56, 17.43, 11.00, 13.31
821.49 16.24 11.02 13.71
991.44, 17.11, 11.00, 13.23
821.48 16.52 10.92 13.54
991.55, 16.26, 11.00, 13.31
821.53 16.62 10.92 13.54
991.46, 15.83, 11.00, 13.65
991.51 16.55 11.00 13.44
991.49, 15.83, 11.16, 13.79
991.50 16.48 11.03 13.46
991.56, 16.68, 11.14, 13.45
991.50 16.34 11.05 13.48
991.53, 16.68, 11.58, 12.89
991.51 16.25 11.17 13.41
991.65, 16.53, 11.02, 13.30
991.53 16.30 11.17 13.41
991.43, 16.66, 11.02, 14.16
991.53 16.47 11.18 13.51
991.63, 16.68, 11.00, 13.21
991.55 16.64 11.15 13.40
991.72, 16.26, 11.00, 13.23
991.58 16.56 11.12 13.35
991.43, 17.00, 11.09, 13.74
991.56 16.62 11.02 13.52
135.61, 17.26, 11.24, 11.95
820.36 16.77 11.06 13.25
991.83, 15.44, 11.85, 12.55
820.44 16.52 11.23 12.93
51.43, 13.98, 12.21, 13.40
632.40 15.98 11.47 12.97
6.31, 12.87, -1.00, 12.77
435.32 15.30 9.07 12.88
8.16, -1.00, 11.92, 14.23
238.66 11.70 9.24 12.98
5.85, 13.04, -1.00, 10.51
212.71 10.86 6.79 12.69
6.02, -1.00, 15.59, 8.81
15.55 7.57 7.54 11.94
6.55, 12.62, -1.00, 8.52
6.57 7.30 4.90 10.96
6.29, -1.00, 14.49, 8.78
6.57 4.53 7.99 10.16
6.60, 11.09, -1.00, 7.19
6.26 6.94 5.41 8.76
9.25, -1.00, 15.76, 7.45
6.94 4.14 8.76 8.14
6.57, 10.34, -1.00, 7.16
7.05 6.40 5.44 7.81
7.36, -1.00, 15.42, 7.28
7.21 3.68 8.73 7.57
10.78, 9.93, -1.00, 7.16
8.11 5.87 5.63 7.24
7.14, -1.00, 17.09, 5.72
8.22 3.45 9.25 6.95
6.28, 11.75, -1.00, 6.43
7.62 6.00 5.90 6.74
8.84, -1.00, 12.53, 11.43
8.08 3.73 8.60 7.60
991.19, 22.15, 83.46, 10.66
204.84 8.36 22.21 8.27
54.95, 23.36, 77.00, 11.58
213.67 11.05 37.81 9.16
77.08, 19.14, 85.90, 75.02
227.66 15.08 51.57 23.02
76.06, 20.40, 82.88, 74.94
241.62 16.81 68.35 36.72
76.32, 19.82, 76.40, 52.65
255.11 20.97 81.12 44.97
23.17, 20.03, 50.94, 48.67
61.51 20.55 74.62 52.57
75.57, 19.94, 55.07, 74.60
65.63 19.86 70.23 65.17
76.72, 19.65, 12.62, 45.19
65.56 19.97 55.57 59.21
77.74, 39.55, 8.81, 16.95
65.90 23.79 40.76 47.61
79.99, 19.52, 7.42, 23.68
66.63 23.73 26.96 41.81
134.29, 19.11, 8.30, 21.83
88.86 23.55 18.44 36.45
991.34, 33.99, 10.46, 14.74
272.01 26.36 9.51 24.47
991.44, 33.82, 11.09, 52.06
454.96 29.19 9.21 25.85
991.46, 38.54, 16.77, 17.12
637.70 28.99 10.80 25.88
357.12, -1.00, 14.06, 10.99
693.13 24.89 12.13 23.34
59.96, 4.95, 14.15, 10.76
678.26 22.05 13.30 21.13
59.62, 4.93, 12.92, 11.09
491.92 16.24 13.79 20.40
12.46, 4.27, -1.00, 6.17
296.12 10.33 11.37 11.22
7.45, 7.69, 21.03, 6.06
99.32 4.16 12.23 9.01
6.72, 8.62, -1.00, 9.32
29.24 6.09 9.22 8.67
6.79, 8.83, 15.92, 9.06
18.60 6.86 9.57 8.33
7.36, 8.47, -1.00, 8.47
8.15 7.57 6.78 7.81
7.74, 8.76, 15.49, 8.96
7.21 8.47 10.08 8.37
8.72, 8.33, -1.00, 8.69
7.46 8.60 5.68 8.90
7.87, 8.45, 15.51, 8.69
7.69 8.56 8.98 8.77
8.67, 8.32, -1.00, 8.38
8.07 8.46 5.59 8.63
8.81, 8.45, 14.81, 8.52
8.36 8.46 8.76 8.64
8.81, 8.47, -1.00, 8.30
8.57 8.40 5.46 8.51
10.27, 7.57, 15.32, 8.30
8.88 8.25 8.72 8.43
9.56, 7.70, -1.00, 8.61
9.22 8.10 5.42 8.42
9.08, 7.48, 15.59, 8.47
9.30 7.93 8.74 8.43
8.67, 8.32, -1.00, 8.52
9.27 7.90 5.58 8.43
8.72, 8.55, 15.25, 8.52
9.26 7.92 8.83 8.48
8.59, 8.54, -1.00, 8.47
8.92 8.11 5.56 8.51
8.57, 7.57, 16.02, 8.45
8.72 8.09 8.97 8.48
8.72, 7.70, -1.00, 8.52
8.65 8.13 5.65 8.49
10.19, 6.80, 15.17, 8.89
8.95 7.83 8.88 8.57
10.36, 7.48, -1.00, 8.78
9.28 7.61 5.63 8.62
10.53, 7.11, 16.19, 8.21
9.67 7.33 9.07 8.57
10.53, 6.97, -1.00, 8.86
10.06 7.21 5.67 8.65
11.21, 6.36, 15.24, 9.15
10.55 6.94 8.91 8.77
11.87, 6.04, -1.00, 8.52
10.89 6.79 5.68 8.70
12.89, 6.02, 15.25, 8.81
11.40 6.50 8.93 8.71
11.63, 5.89, -1.00, 7.94
11.62 6.25 5.49 8.65
12.04, 5.60, 17.02, 7.79
11.92 5.98 9.10 8.44
13.40, 5.92, -1.00, 8.44
12.36 5.89 5.85 8.29
13.13, 5.21, 20.08, 8.30
12.61 5.72 10.07 8.25
15.34, 5.26, -1.00, 8.47
13.10 5.57 6.81 8.18
12.62, 5.17, 15.42, 9.03
13.30 5.42 10.10 8.40
13.31, 4.34, -1.00, 7.62
13.55 5.17 6.50 8.37
12.69, 4.17, 15.93, 8.54
13.41 4.82 9.88 8.39
12.38, 4.59, -1.00, 7.79
13.26 4.70 5.67 8.28
12.80, 4.12, 15.68, 8.30
12.75 4.47 9.00 8.25
12.80, 4.24, -1.00, 7.60
12.79 4.29 5.72 7.96
13.23, 3.44, 15.08, 8.21
12.77 4.11 8.93 8.08
12.94, 3.49, -1.00, 7.50
12.83 3.97 5.55 7.88
13.06, 3.15, 16.95, 7.94
12.96 3.68 9.14 7.91
12.55, 3.10, -1.00, 7.45
12.91 3.48 5.80 7.74
13.14, 3.57, 15.17, 8.01
12.98 3.34 9.04 7.82
13.14, 3.66, -1.00, 7.19
12.96 3.39 5.82 7.61
13.06, 3.32, 17.53, 8.35
12.99 3.35 9.52 7.78
13.31, 3.06, -1.00, 7.53
13.04 3.34 5.93 7.70
13.89, 2.67, 34.53, 7.45
13.31 3.25 13.04 7.70
13.91, 2.81, -1.00, 7.59
13.46 3.10 9.81 7.62
14.83, 3.42, 15.59, 7.87
13.79 3.05 13.13 7.75
14.06, 4.32, -1.00, 8.01
14.00 3.25 9.42 7.69
14.49, 2.59, 14.74, 7.87
14.23 3.16 12.57 7.75
14.64, 3.57, -1.00, 7.67
14.38 3.34 5.46 7.80
14.49, 991.09, 15.85, 7.53
14.50 200.99 8.83 7.79
14.49, 991.22, 15.83, 8.47
14.43 398.55 8.88 7.91
14.42, 2.38, -1.00, 8.61
14.50 398.17 8.88 8.03
13.47, 2.76, 15.08, 8.21
14.29 398.20 8.95 8.09
13.62, 2.81, -1.00, 7.76
14.09 398.05 8.95 8.11
13.91, 2.25, 16.26, 8.38
13.98 200.28 9.03 8.28
14.05, 2.81, -1.00, 7.76
13.89 2.60 5.66 8.14
13.72, 9.00, 16.27, 8.21
13.75 3.92 9.12 8.06
13.72, 26.73, 15.08, 8.21
13.80 8.71 9.12 8.06
13.88, 27.73, 15.08, 8.35
13.85 13.70 12.33 8.18
13.72, 26.90, 15.08, 8.37
13.81 18.63 12.10 8.17
14.23, 27.51, 15.49, 8.52
13.85 23.57 15.40 8.33
13.40, 29.52, 15.08, 8.35
13.78 27.67 15.16 8.36
13.81, 4.53, -1.00, 8.47
13.80 23.23 11.94 8.41
13.89, 2.81, 16.27, 8.61
13.81 18.25 12.18 8.46
14.40, 2.25, -1.00, 8.55
13.94 13.32 8.96 8.49
13.74, 7.53, 18.72, 7.70
13.84 9.32 9.61 8.33
13.79, 5.51, -1.00, 7.86
13.92 4.52 6.39 8.23
13.74, 7.40, 31.49, 7.70
13.91 5.09 12.89 8.08
13.72, 7.96, -1.00, 7.79
13.87 6.12 9.44 7.92
13.67, 2.32, 16.94, 8.21
13.73 6.14 13.02 7.85
13.55, 3.15, -1.00, 8.47
13.69 5.26 9.08 8.00
12.63, 2.72, 16.27, 8.55
13.46 4.70 12.53 8.14
12.46, 2.98, -1.00, 9.13
13.20 3.82 6.04 8.43
9.59, 4.70, 14.49, 9.49
12.38 3.17 9.13 8.77
9.27, 5.46, -1.00, 10.56
11.50 3.80 5.55 9.24
8.38, 6.53, 13.79, 12.26
10.46 4.47 8.50 9.99
8.33, 6.29, -1.00, 10.08
9.60 5.19 5.05 10.30
9.15, 5.85, 13.40, 10.08
8.94 5.76 7.93 10.49
9.12, 5.77, -1.00, 10.17
8.84 5.98 4.83 10.63
9.25, 5.04, 13.38, 10.08
8.84 5.89 7.71 10.53
9.40, 5.80, -1.00, 9.98
9.05 5.74 4.75 10.08
9.35, 5.51, 14.08, 9.13
9.25 5.59 7.77 9.89
9.35, 5.09, -1.00, 8.47
9.29 5.43 4.89 9.56
9.59, 5.89, 15.42, 8.21
9.39 5.46 8.17 9.17
10.15, 5.04, -1.00, 6.48
9.57 5.46 5.30 8.45
10.32, 5.00, 17.34, 6.24
9.75 5.30 8.96 7.70
9.85, 4.59, -1.00, 5.99
9.85 5.11 5.95 7.07
9.85, 4.92, 17.79, 6.26
9.95 5.08 9.70 6.63
9.85, 4.51, -1.00, 5.58
10.00 4.81 6.42 6.10
10.36, 4.78, 16.85, 5.51
10.04 4.75 9.99 5.91
10.07, 4.83, -1.00, 5.56
9.99 4.72 6.32 5.77
10.49, 4.42, 16.44, 6.07
10.12 4.69 9.81 5.79
9.93, 4.92, -1.00, 5.65
10.13 4.69 6.05 5.67
10.36, 4.92, 18.30, 5.41
10.24 4.77 9.91 5.64
10.36, 4.78, -1.00, 4.73
10.24 4.77 6.34 5.48
10.49, 4.42, 18.46, 4.87
10.32 4.69 10.24 5.34
9.98, 5.34, -1.00, 4.63
10.22 4.87 6.75 5.05
9.59, 5.60, 20.00, 5.05
10.15 5.01 10.95 4.93
9.93, 5.55, -1.00, 4.24
10.07 5.13 7.09 4.70
9.42, 4.53, 21.27, 4.66
9.88 5.08 11.54 4.68
10.32, 5.60, -1.00, 4.10
9.84 5.32 7.65 4.53
9.47, 4.66, 20.54, 4.12
9.74 5.18 11.96 4.43
9.34, 5.09, -1.00, 4.97
9.69 5.08 7.76 4.41
10.36, 4.92, 17.87, 5.04
9.78 4.95 11.53 4.57
10.53, 4.75, -1.00, 4.07
10.00 5.00 7.08 4.45
10.78, 4.02, 19.14, 4.49
10.09 4.68 11.11 4.53
10.83, 4.24, -1.00, 4.36
10.36 4.59 6.80 4.58
10.32, 5.09, 19.43, 4.29
10.56 4.59 10.88 4.44
10.19, 4.66, -1.00, 3.61
10.52 4.54 7.11 4.16
10.44, 4.83, 19.48, 3.47
10.51 4.56 11.21 4.04
10.36, 5.21, -1.00, 3.44
10.42 4.80 7.18 3.83
10.49, 5.34, 20.01, 3.01
10.35 5.02 11.38 3.56
10.49, 4.93, -1.00, 4.12
10.39 4.99 7.29 3.52
10.27, 4.58, 18.82, 3.78
10.41 4.97 11.26 3.56
11.10, 4.95, -1.00, 6.60
10.54 5.00 7.16 4.18
10.65, 4.75, 15.93, 7.31
10.60 4.90 10.55 4.96
10.61, 4.32, -1.00, 9.32
10.62 4.70 6.35 6.22
10.95, 4.27, 14.91, 9.91
10.71 4.57 9.53 7.38
11.17, 4.42, -1.00, 11.50
10.89 4.54 5.56 8.92
12.46, 4.12, 14.57, 11.10
11.16 4.37 8.68 9.82
11.61, 4.17, -1.00, 12.55
11.36 4.25 5.29 10.87
11.77, 3.74, 11.60, 11.87
11.59 4.14 7.81 11.38
11.63, 3.74, -1.00, 14.50
11.72 4.03 4.63 12.30
11.70, 3.66, 8.89, 15.44
11.83 3.88 6.61 13.09
11.78, 3.66, -1.00, 16.95
11.69 3.79 3.49 14.26
11.72, 3.74, 7.16, 16.95
11.71 3.70 5.13 15.14
11.70, 3.61, -1.00, 18.07
11.70 3.68 2.61 16.38
12.26, 3.23, 5.75, 17.72
11.83 3.57 3.96 17.02
12.63, 3.15, -1.00, 18.14
12.01 3.47 1.98 17.56
13.23, 2.64, 4.20, 18.67
12.30 3.27 3.02 17.91
12.80, 2.64, -1.00, 19.71
12.52 3.05 1.39 18.46
12.46, 2.84, 4.20, 19.16
12.67 2.89 2.43 18.67
12.60, 3.32, -1.00, 22.55
12.74 2.91 1.08 19.64
12.96, 2.89, 3.76, 19.65
12.81 2.86 2.03 19.94
12.89, 2.84, -1.00, 24.55
12.74 2.90 0.99 21.12
12.97, 2.89, 3.20, 52.07
12.77 2.95 1.83 27.59
12.97, 2.98, 4.27, 29.89
12.87 2.98 1.84 29.74
12.97, 2.89, -1.00, 19.93
12.95 2.89 1.84 29.21
13.57, 2.81, 4.10, 20.17
13.07 2.88 1.91 29.32
13.47, 2.67, -1.00, 21.29
13.19 2.84 1.91 28.66
13.31, 4.15, 2.77, 21.29
13.25 3.10 1.82 22.51
13.23, 2.66, -1.00, 24.81
13.31 3.03 0.77 21.49
13.11, -1.00, 3.27, 20.10
13.33 2.25 1.62 21.52
13.14, 2.81, -1.00, 55.98
13.25 2.25 0.60 28.69
12.55, -1.00, 996.65, 64.99
13.06 1.52 200.13 37.43
68.17, 209.15, 996.99, 997.67
24.04 42.52 398.97 232.70
126.93, -1.00, 353.26, 997.58
46.77 41.79 469.83 427.26
991.83, 11.50, 360.74, 997.51
242.52 44.29 541.32 622.74
6.63, 291.89, 355.39, 288.65
241.22 102.10 612.60 669.27
86.33, 63.19, -1.00, 997.27
255.97 114.94 413.07 855.73
-1.00, 94.42, 54.22, 997.48
242.14 92.00 224.52 855.69
151.76, 100.17, 55.54, 997.36
247.11 112.23 164.97 855.65
991.65, 99.76, 55.29, 997.68
247.07 129.88 103.88 855.68
19.06, 98.91, 53.15, 997.61
249.55 91.28 43.43 997.48
150.10, 99.32, 53.13, 997.58
262.31 98.51 54.26 997.54
991.66, 95.87, 53.15, 997.68
460.84 98.80 54.04 997.58
991.75, 95.87, 53.03, 997.50
628.84 97.94 53.54 997.61
991.92, 98.89, 53.59, 997.46
628.89 97.76 53.20 997.56
991.53, 99.33, 53.57, 997.38
823.39 97.85 53.29 997.51
27.99, 99.32, 52.72, 997.10
798.96 97.85 53.20 997.42
153.89, 96.00, 52.58, 997.26
631.41 97.88 53.09 997.33
151.76, 95.02, 52.74, 997.41
463.41 97.71 53.03 997.32
150.10, 100.30, 52.72, 189.33
295.05 97.99 52.86 835.69
17.87, 104.40, 52.74, 997.61
100.31 99.00 52.69 835.74
17.02, 97.55, 53.16, 187.63
98.12 98.65 52.78 673.84
15.75, 95.17, 53.15, 997.38
70.49 98.48 52.90 673.87
17.45, 95.42, 52.99, 997.17
43.63 98.56 52.95 673.82
27.66, 96.02, 53.15, 997.36
19.14 97.71 53.03 835.43
26.23, 95.48, 53.57, 997.36
20.82 95.92 53.20 835.37
991.56, 95.46, 53.57, 997.55
215.72 95.50 53.28 997.36
991.73, 95.48, 53.59, 997.55
410.92 95.57 53.37 997.39
19.21, 95.90, 53.59, 997.65
411.28 95.66 53.49 997.49
18.79, 95.46, 54.10, 997.53
409.50 95.55 53.68 997.52
24.99, 95.48, 54.78, 997.44
409.25 95.55 53.92 997.54
152.63, 95.88, 54.10, 997.44
241.47 95.63 54.02 997.52
991.73, 95.05, 53.60, 997.51
241.47 95.55 54.03 997.51
153.14, 95.15, 54.74, 997.38
268.25 95.40 54.26 997.46
153.45, 95.95, 55.63, 997.43
295.18 95.50 54.56 997.44
133.18, 95.46, 55.80, 997.78
316.82 95.49 54.77 997.50
151.78, 101.02, 54.52, 997.58
316.65 96.52 54.85 997.53
19.21, 95.02, 54.52, 997.67
122.15 96.51 55.04 997.56
18.79, 94.59, 55.78, 997.51
95.28 96.40 55.24 997.59
16.97, 97.55, 55.78, 188.89
67.98 96.72 55.28 835.88
15.42, 99.67, 55.78, 997.61
44.43 97.56 55.27 835.85
15.56, 95.59, 54.95, 997.48
17.18 96.48 55.36 835.83
15.42, 100.12, 53.23, 997.56
16.43 97.50 55.10 835.81
16.27, 95.44, 54.51, 997.55
15.92 97.67 54.84 835.81
31.39, 101.02, 53.23, 997.68
18.81 98.36 54.33 997.57
26.05, 95.17, 54.79, 997.26
20.93 97.46 54.14 997.50
30.13, 95.02, 54.93, 997.50
23.85 97.35 54.13 997.50
27.93, 95.46, 54.51, 997.43
26.35 96.42 54.39 997.48
25.96, 94.32, 54.61, 997.43
28.29 96.19 54.41 997.45
130.41, 94.73, 53.23, 997.29
48.09 94.93 54.41 997.37
26.68, 94.57, 53.23, 997.29
48.22 94.81 54.10 997.38
17.62, 94.73, 53.09, 997.24
45.71 94.76 53.73 997.33
25.96, 94.30, 54.76, 997.22
45.32 94.52 53.78 997.29
991.60, 94.32, 54.51, 997.41
238.45 94.52 53.76 997.29
18.04, 94.32, 53.09, 997.39
215.97 94.44 53.73 997.31
29.70, 94.59, 53.23, 997.27
216.58 94.45 53.73 997.30
28.02, 98.82, 53.08, 997.53
218.66 95.27 53.73 997.36
16.34, 103.87, 53.23, 997.41
216.73 97.18 53.42 997.40
16.34, 103.45, 53.23, 997.43
21.68 99.01 53.17 997.40
18.87, 100.95, 53.21, 997.43
21.85 100.33 53.19 997.41
16.36, 98.96, 53.23, 997.39
19.18 101.21 53.19 997.43
29.29, 97.99, 53.25, 997.63
19.44 101.04 53.22 997.45
17.62, 100.10, 53.25, 997.41
19.69 100.28 53.23 997.45
19.30, 94.18, 52.81, 997.44
20.28 98.43 53.14 997.46
18.87, 94.18, 53.23, 997.41
20.28 97.08 53.15 997.45
16.34, 96.05, 53.11, 997.50
20.28 96.50 53.12 997.47
991.90, 94.74, 53.23, 997.44
212.80 95.85 53.12 997.44
16.36, 95.85, 53.23, 997.56
212.55 95.00 53.12 997.47
16.34, 98.01, 53.23, 997.67
211.96 95.76 53.20 997.51
16.36, 98.81, 52.79, 997.43
211.45 96.69 53.11 997.51
16.34, 100.92, 53.23, 997.43
211.45 97.66 53.14 997.50
17.58, 99.25, 53.23, 997.44
16.59 98.56 53.14 997.50
15.49, 98.96, 53.25, 997.48
16.42 99.18 53.14 997.48
16.09, 94.59, 53.23, 997.65
16.37 98.50 53.14 997.48
16.68, 96.72, 53.67, 997.60
16.43 98.08 53.32 997.51
18.45, 95.15, 53.66, 997.26
16.85 96.93 53.40 997.48
17.45, 98.38, 53.23, 997.19
16.82 96.76 53.40 997.43
17.11, 94.98, 52.79, 997.48
17.15 95.96 53.31 997.43
16.77, 95.13, 53.23, 997.31
17.28 96.07 53.31 997.36
16.85, 95.02, 53.50, 997.43
17.32 95.73 53.28 997.33
17.28, 95.02, 52.81, 997.31
17.08 95.70 53.11 997.34
19.25, 98.37, 54.06, 997.33
17.44 95.70 53.27 997.36
17.19, 98.40, 53.66, 185.88
17.46 96.38 53.45 835.05
16.19, 94.74, 55.22, 997.43
17.34 96.30 53.84 835.07
19.81, 94.18, 53.25, 997.51
17.94 96.14 53.79 835.09
16.68, 97.57, 52.82, 185.95
17.82 96.65 53.80 672.81
15.85, 103.04, 52.82, 997.38
17.14 97.58 53.55 672.82
16.26, 99.67, 52.82, 997.61
16.95 97.84 53.38 835.17
15.85, 99.81, 53.25, 997.51
16.88 98.85 52.99 835.19
15.93, 94.18, 53.23, 997.55
16.11 98.85 52.98 835.19
18.04, 94.18, 53.23, 997.55
16.38 98.17 53.07 997.51
15.92, 99.79, 52.81, 997.53
16.39 97.52 53.06 997.54
15.92, 97.97, 52.67, 997.63
16.32 97.18 53.03 997.55
16.34, 98.40, 53.26, 997.78
16.42 96.90 53.03 997.60
15.93, 95.17, 53.25, 997.51
16.42 97.10 53.04 997.60
16.34, 94.63, 53.25, 997.68
16.08 97.19 53.04 997.62
16.02, 94.18, 53.25, 997.63
16.10 96.06 53.13 997.64
16.34, 98.93, 53.21, 997.43
16.19 96.26 53.24 997.60
19.04, 94.34, 53.11, 997.78
16.73 95.44 53.21 997.60
16.10, 94.59, 54.93, 997.82
16.76 95.33 53.54 997.66
16.71, 94.74, 54.52, 997.36
16.84 95.35 53.80 997.60
18.62, 94.74, 53.09, 997.38
17.36 95.46 53.77 997.55
132.65, 94.30, 53.23, 997.38
40.62 94.54 53.77 997.54
991.58, 94.73, 53.23, 997.38
235.13 94.62 53.80 997.46
991.78, 94.18, 53.67, 997.46
430.26 94.53 53.54 997.38
19.59, 93.89, 53.25, 997.44
430.84 94.36 53.29 997.40
991.66, 94.20, 52.82, 997.34
625.45 94.26 53.24 997.40
136.80, 94.32, 52.67, 997.31
626.28 94.26 53.12 997.38
153.94, 94.59, 52.81, 997.16
458.75 94.23 53.04 997.34
991.70, 98.42, 52.82, 997.31
458.73 95.08 52.87 997.31
150.11, 97.99, 52.82, 997.50
484.84 95.90 52.78 997.32
139.15, 93.91, 52.81, 997.46
314.33 95.84 52.78 997.34
135.09, 94.18, 52.82, 997.75
313.99 95.81 52.81 997.43
135.07, 100.93, 52.82, 997.43
310.22 97.08 52.81 997.48
136.36, 94.35, 52.82, 997.56
139.15 96.27 52.81 997.53
991.73, 94.34, 52.82, 997.58
307.47 95.54 52.81 997.55
148.48, 100.12, 52.84, 997.85
309.34 96.78 52.82 997.63
138.91, 93.79, 52.84, 997.72
310.10 96.70 52.82 997.62
136.00, 98.82, 52.82, 997.51
310.29 96.28 52.82 997.64
991.80, 99.67, 52.82, 997.70
481.38 97.34 52.82 997.67
19.13, 98.82, 52.67, 997.60
286.86 98.24 52.79 997.67
17.12, 98.86, 52.82, 997.75
260.59 97.99 52.79 997.65
16.09, 99.27, 52.82, 997.63
236.02 99.08 52.79 997.63
16.19, 101.37, 52.84, 997.78
212.06 99.59 52.79 997.69
16.19, 100.95, 52.84, 997.75
16.94 99.85 52.79 997.70
16.10, 98.84, 52.82, 997.51
16.33 99.85 52.82 997.68
16.94, 98.82, 52.82, 997.44
16.29 99.85 52.82 997.62
17.79, 98.96, 52.82, 997.50
16.63 99.78 52.82 997.59
19.03, 99.81, 52.81, 997.44
17.20 99.47 52.82 997.52
16.94, 98.79, 53.21, 997.56
17.35 99.04 52.89 997.49
16.09, 98.40, 53.26, 997.51
17.35 98.95 52.98 997.49
19.14, 100.93, 53.54, 997.60
17.79 99.37 53.12 997.52
16.10, 98.81, 54.08, 997.58
17.45 99.34 53.37 997.53
19.98, 94.59, 52.82, 997.77
17.64 98.30 53.38 997.60
16.19, 94.74, 52.84, 997.46
17.49 97.49 53.30 997.58
17.02, 94.63, 52.82, 997.75
17.68 96.73 53.21 997.63
18.72, 101.37, 52.84, 997.44
17.60 96.82 53.08 997.60
19.55, 98.38, 52.82, 997.41
18.29 96.74 52.82 997.56
17.45, 95.02, 52.81, 997.46
17.78 96.82 52.82 997.50
16.19, 96.00, 52.82, 997.58
17.78 97.07 52.82 997.52
17.04, 99.66, 53.11, 997.56
17.78 98.08 52.87 997.49
17.02, 96.72, 52.82, 997.46
17.44 97.15 52.87 997.49
16.19, 94.71, 52.81, 997.24
16.77 96.42 52.87 997.46
17.02, 95.42, 52.81, 997.36
16.68 96.50 52.87 997.44
18.70, 95.00, 52.82, 997.43
17.19 96.30 52.87 997.41
16.19, 96.00, 53.25, 997.36
17.02 95.57 52.90 997.36
16.17, 95.87, 52.81, 194.43
16.85 95.40 52.89 836.76
16.19, 95.88, 52.84, 997.68
16.85 95.63 52.90 836.85
16.17, 95.44, 53.25, 997.51
16.68 95.63 52.99 836.88
16.17, 95.56, 53.09, 997.41
16.17 95.75 53.04 836.87
16.19, 94.61, 53.25, 997.48
16.17 95.47 53.04 836.90
17.02, 93.88, 53.23, 997.50
16.34 95.07 53.13 997.51
16.17, 94.98, 53.25, 997.55
16.34 94.89 53.21 997.48
17.02, 95.17, 52.82, 997.41
16.51 94.83 53.12 997.46
991.53, 94.68, 52.81, 997.27
211.58 94.66 53.07 997.44
132.74, 95.02, 52.79, 997.43
234.89 94.74 52.97 997.43
19.21, 95.02, 52.81, 997.51
235.33 94.97 52.89 997.43
133.18, 94.68, 53.21, 997.41
258.73 94.91 52.88 997.40
18.36, 95.41, 52.81, 997.41
259.00 94.95 52.88 997.40
991.53, 94.57, 52.81, 997.39
259.00 94.93 52.88 997.43
17.11, 95.83, 53.21, 997.24
235.87 95.10 52.96 997.39
17.53, 94.73, 52.79, 997.33
235.54 95.04 52.96 997.35
19.64, 94.71, 52.67, 197.71
212.83 95.04 52.85 837.41
17.96, 95.41, 52.81, 997.33
212.75 95.04 52.85 837.39
991.72, 95.00, 52.79, 997.38
212.78 95.13 52.85 837.39
17.45, 94.71, 52.81, 997.39
212.85 94.91 52.77 837.42
17.36, 98.37, 53.08, 997.22
212.82 95.63 52.82 837.40
17.45, 98.81, 53.08, 997.21
212.38 96.45 52.91 997.30
16.94, 94.98, 53.21, 997.10
212.17 96.37 52.99 997.26
16.80, 98.38, 53.23, 997.41
17.19 97.04 53.08 997.26
16.94, 95.13, 52.79, 997.27
17.09 97.13 53.07 997.24
16.94, 95.44, 52.81, 997.41
17.00 96.54 53.02 997.28
16.80, 95.17, 52.82, 997.19
16.88 95.82 52.97 997.27
16.94, 95.42, 52.81, 997.26
16.88 95.91 52.88 997.30
16.94, 100.92, 52.79, 997.43
16.90 96.41 52.80 997.31
16.94, 100.92, 52.81, 997.36
16.90 97.57 52.80 997.32
16.94, 95.00, 52.79, 997.12
16.90 97.48 52.80 997.27
1